Date;Obs;Sim;lb:0.05;ub:95
2017-01-02;235.421600;235.646038;235.539107;235.735597
2017-01-09;235.401720;235.616182;235.523492;235.730373
2017-01-16;235.393860;235.635963;235.555832;235.723403
2017-01-23;235.382360;235.662067;235.598796;235.768895
2017-01-30;235.379810;235.692104;235.609474;235.768067
2017-02-06;235.416310;235.701249;235.628496;235.780405
2017-02-13;235.454210;235.733034;235.645502;235.827888
2017-02-20;235.464420;235.712319;235.614453;235.815460
2017-02-27;235.492180;235.723753;235.670103;235.797631
2017-03-06;235.529160;235.721377;235.644759;235.810683
2017-03-13;235.581920;235.733918;235.654601;235.803046
2017-03-20;235.636640;235.749709;235.701099;235.816917
2017-03-27;235.730260;235.833344;235.767233;235.903513
2017-04-03;235.782630;235.865693;235.786977;235.922407
2017-04-10;235.808520;235.865051;235.775736;235.944939
2017-04-17;235.801510;235.831511;235.739212;235.938203
2017-04-24;235.771170;235.823765;235.738616;235.909817
2017-05-01;235.744270;235.776411;235.678136;235.854618
2017-05-08;235.755570;235.786731;235.707999;235.932150
2017-05-15;235.731290;235.857322;235.808732;235.932191
2017-05-22;235.709170;235.857658;235.784789;235.943940
2017-05-29;235.673900;235.800156;235.735757;235.858910
2017-06-05;235.657760;235.771581;235.693604;235.832925
2017-06-12;235.637680;235.757408;235.680795;235.836011
2017-06-19;235.599380;235.730714;235.675737;235.791716
2017-06-26;235.566540;235.649976;235.579261;235.712131
2017-07-03;235.568000;235.636660;235.562101;235.690743
2017-07-10;235.543740;235.632735;235.604174;235.659422
2017-07-17;235.526270;235.664458;235.630611;235.713467
2017-07-24;235.520000;235.645739;235.603575;235.702602
2017-07-31;235.600170;235.622611;235.558448;235.668060
2017-08-07;235.618420;235.740567;235.672729;235.803771
2017-08-14;235.622590;235.745972;235.675913;235.836691
2017-08-21;235.626030;235.704165;235.644656;235.774081
2017-08-28;235.657740;235.668878;235.608120;235.755453
2017-09-04;235.715970;235.662398;235.608256;235.723278
2017-09-11;235.736710;235.663940;235.593213;235.754401
2017-09-18;235.770440;235.635139;235.561223;235.715811
2017-09-25;235.766990;235.699845;235.617551;235.778668
2017-10-02;235.753330;235.688136;235.598485;235.777962
2017-10-09;235.749170;235.725095;235.647620;235.793864
2017-10-16;235.736380;235.698162;235.637032;235.784898
2017-10-23;235.721920;235.689130;235.626849;235.797961
2017-10-30;235.726180;235.658264;235.581606;235.767403
2017-11-06;235.714330;235.656610;235.598575;235.746738
2017-11-13;235.737390;235.634618;235.582052;235.699609
2017-11-20;235.782910;235.665707;235.583566;235.749902
2017-11-27;235.834090;235.675990;235.577485;235.763838
2017-12-04;235.960800;235.793916;235.726064;235.899780
2017-12-11;236.071350;235.883228;235.799142;235.955662
2017-12-18;236.164710;235.987529;235.887167;236.090835
2017-12-25;236.225714;236.094386;235.972098;236.224264
2018-01-01;236.304286;236.103660;235.997100;236.204909
2018-01-08;236.365714;236.156580;236.067690;236.252861
2018-01-15;236.467143;236.223373;236.114672;236.368277
2018-01-22;236.528571;236.264041;236.190368;236.338706
2018-01-29;236.552857;236.338332;236.239075;236.473515
2018-02-05;236.551429;236.354749;236.258742;236.467297
2018-02-12;236.501429;236.358520;236.240893;236.483536
2018-02-19;236.438571;236.330346;236.236512;236.476638
2018-02-26;236.380000;236.280232;236.181506;236.434373
2018-03-05;236.320000;236.217505;236.124162;236.353223
2018-03-12;236.282500;236.179080;236.078203;236.287577
2018-03-19;236.210000;236.185298;236.089288;236.275332
2018-03-26;236.185714;236.217010;236.130959;236.296146
2018-04-02;236.160000;236.159927;236.095819;236.218150
2018-04-09;236.135714;236.207729;236.140750;236.275722
2018-04-16;236.110000;236.156944;236.092872;236.245281
2018-04-23;236.072857;236.137717;236.044482;236.201855
2018-04-30;236.038571;236.069118;235.985609;236.134603
2018-05-07;236.001429;236.010394;235.943790;236.072605
2018-05-14;235.964286;235.915359;235.836801;235.978498
2018-05-21;235.922857;235.901169;235.825517;235.966984
2018-05-28;235.880000;235.834484;235.771498;235.882378
2018-06-04;235.835714;235.798449;235.751656;235.836875
2018-06-11;235.780000;235.720743;235.673700;235.781182
2018-06-18;235.744286;235.755457;235.687502;235.811039
2018-06-25;235.700000;235.692673;235.640453;235.759118
2018-07-02;235.651429;235.621793;235.557182;235.697101
2018-07-09;235.605714;235.568084;235.499126;235.623415
2018-07-16;235.564286;235.534750;235.492824;235.599721
2018-07-23;235.531429;235.492415;235.443719;235.542142
2018-07-30;235.495714;235.469617;235.401096;235.535338
2018-08-06;235.454286;235.425902;235.354547;235.473054
2018-08-13;235.424286;235.396104;235.327752;235.441481
2018-08-20;235.394286;235.374134;235.298164;235.435682
2018-08-27;235.365714;235.341182;235.263217;235.411787
2018-09-03;235.340000;235.326742;235.232406;235.420235
2018-09-10;235.324286;235.296880;235.208188;235.371042
2018-09-17;235.307143;235.290842;235.195232;235.374357
2018-09-24;235.287143;235.264835;235.181734;235.361579
2018-10-01;235.278571;235.274982;235.217444;235.350958
2018-10-08;235.265714;235.246182;235.162657;235.331187
2018-10-15;235.252857;235.233074;235.149920;235.333208
2018-10-22;235.241429;235.229146;235.158398;235.332703
2018-10-29;235.230000;235.222892;235.146416;235.325412
2018-11-05;235.227143;235.209919;235.144360;235.304041
2018-11-12;235.220000;235.192429;235.118607;235.296893
2018-11-19;235.217143;235.179157;235.092173;235.287241
2018-11-26;235.210000;235.174709;235.081392;235.280590
2018-12-03;235.204286;235.162092;235.080618;235.258665
2018-12-10;235.238571;235.223047;235.164185;235.297063
2018-12-17;235.228571;235.264524;235.177675;235.324197
2018-12-24;235.220000;235.258005;235.172861;235.340599
2018-12-31;235.267143;235.402821;235.298673;235.490313
2019-01-07;235.278571;235.456083;235.358215;235.591812
2019-01-14;235.318571;235.526142;235.339062;235.648183
2019-01-21;235.380000;235.615029;235.504912;235.749196
2019-01-28;235.438571;235.702879;235.584337;235.812150
2019-02-04;235.481429;235.727003;235.614367;235.860934
2019-02-11;235.512857;235.777043;235.637882;235.865758
2019-02-18;235.540000;235.771384;235.675787;235.893247
2019-02-25;235.557143;235.780101;235.670703;235.891855
2019-03-04;235.560000;235.740801;235.586326;235.848778
2019-03-11;235.560000;235.725580;235.583418;235.826073
2019-03-18;235.587143;235.749762;235.597924;235.857897
2019-03-25;235.647143;235.872755;235.774700;235.989389
2019-04-01;235.694286;235.881258;235.813727;235.991464
2019-04-08;235.727143;235.842667;235.717046;235.943254
2019-04-15;235.727143;235.871738;235.778227;235.980145
2019-04-22;235.698571;235.842239;235.755185;235.931624
2019-04-29;235.664286;235.825859;235.739339;235.916146
2019-05-06;235.644286;235.825208;235.747787;235.931435
2019-05-13;235.620000;235.800239;235.734503;235.897198
2019-05-20;235.604286;235.773714;235.661435;235.879932
2019-05-27;235.668571;235.817793;235.746625;235.892503
2019-06-03;235.705714;235.831548;235.728314;235.917439
2019-06-10;235.682857;235.784472;235.706902;235.864550
2019-06-17;235.647143;235.738210;235.684270;235.818873
2019-06-24;235.607143;235.705062;235.626413;235.789066
2019-07-01;235.570000;235.677086;235.639024;235.729362
2019-07-08;235.527143;235.647290;235.612089;235.707350
2019-07-15;235.492857;235.617533;235.581184;235.654315
2019-07-22;235.461429;235.580301;235.538092;235.640006
2019-07-29;235.437143;235.549642;235.490592;235.603295
2019-08-05;235.412857;235.544975;235.487035;235.609057
2019-08-12;235.404286;235.503901;235.437870;235.547340
2019-08-19;235.390000;235.498158;235.432832;235.577903
2019-08-26;235.368571;235.465015;235.399883;235.513522
2019-09-02;235.348571;235.439841;235.399600;235.488094
2019-09-09;235.330000;235.417046;235.367719;235.467093
2019-09-16;235.310000;235.401300;235.360783;235.444077
2019-09-23;235.292857;235.377616;235.329848;235.415922
2019-09-30;235.272857;235.364470;235.297916;235.411808
2019-10-07;235.262857;235.362553;235.303970;235.431092
2019-10-14;235.267143;235.363317;235.299368;235.449937
2019-10-21;235.277143;235.361612;235.322334;235.424455
2019-10-28;235.277143;235.381703;235.337363;235.459229
2019-11-04;235.265714;235.364470;235.325939;235.430820
2019-11-11;235.278571;235.386119;235.343017;235.457347
2019-11-18;235.264286;235.402253;235.357975;235.467286
2019-11-25;235.257143;235.408224;235.350504;235.458742
2019-12-02;235.254286;235.408226;235.345823;235.468518
2019-12-09;235.254286;235.416872;235.373582;235.461746
2019-12-16;235.277143;235.429034;235.385474;235.474799
2019-12-23;235.364286;235.513309;235.458532;235.571268
2019-12-30;235.415714;235.583376;235.514887;235.664742
2020-01-06;235.445714;235.622317;235.562832;235.685345
2020-01-13;235.461429;235.629102;235.558532;235.705669
2020-01-20;235.467143;235.643091;235.584964;235.701214
2020-01-27;235.455714;235.646333;235.583162;235.694655
2020-02-03;235.452857;235.645619;235.586045;235.711635
2020-02-10;235.521429;235.872224;235.789098;235.985529
2020-02-17;235.641429;236.043473;235.971859;236.127905
2020-02-24;235.777143;236.169061;236.075331;236.240429
2020-03-02;235.887143;236.221679;236.174389;236.280718
2020-03-09;235.982857;236.306799;236.200886;236.394926
2020-03-16;236.087143;236.332924;236.278487;236.400755
2020-03-23;236.191429;236.371127;236.288750;236.473746
2020-03-30;236.224286;236.332074;236.251072;236.424436
2020-04-06;236.180000;236.307101;236.213795;236.391586
2020-04-13;236.121429;236.234389;236.155096;236.310555
2020-04-20;236.065714;236.198284;236.136777;236.261169
2020-04-27;236.008571;236.111863;236.046635;236.173173
2020-05-04;235.940000;236.036296;235.968006;236.091982
2020-05-11;235.877143;235.971516;235.905948;236.021890
2020-05-18;235.818571;235.944907;235.875388;236.007831
2020-05-25;235.755714;235.864271;235.799817;235.913322
2020-06-01;235.700000;235.840024;235.804629;235.902609
2020-06-08;235.650000;235.785332;235.737076;235.835487
2020-06-15;235.608571;235.759573;235.696075;235.818163
2020-06-22;235.614286;235.862183;235.781931;235.948463
2020-06-29;235.582857;235.912677;235.834553;235.990056
2020-07-06;235.560000;235.857121;235.790799;235.991776
2020-07-13;235.532857;235.817177;235.703709;235.931702
2020-07-20;235.504286;235.731882;235.636343;235.837091
2020-07-27;235.472857;235.707843;235.632982;235.815859
2020-08-03;235.442857;235.651772;235.593646;235.729247
2020-08-10;235.405714;235.662400;235.570786;235.739420
2020-08-17;235.371429;235.606616;235.535545;235.684359
2020-08-24;235.345714;235.618713;235.539076;235.695140
2020-08-31;235.318571;235.557072;235.504493;235.626810
2020-09-07;235.322857;235.571893;235.479783;235.661263
2020-09-14;235.301429;235.514278;235.452608;235.617371
2020-09-21;235.281429;235.514774;235.455729;235.597729
2020-09-28;235.264286;235.498447;235.444975;235.556867
2020-10-05;235.252857;235.512115;235.459296;235.591926
2020-10-12;235.250000;235.465921;235.402731;235.529669
2020-10-19;235.261429;235.448361;235.359008;235.501909
2020-10-26;235.287143;235.423553;235.369385;235.494841
2020-11-02;235.318571;235.450185;235.370326;235.524918
2020-11-09;235.325714;235.427847;235.385950;235.488936
2020-11-16;235.304286;235.416183;235.376701;235.458789
2020-11-23;235.287143;235.389017;235.320532;235.440604
2020-11-30;235.262857;235.376686;235.309889;235.444276
2020-12-07;235.244286;235.364008;235.299942;235.420113
2020-12-14;235.227143;235.371552;235.306902;235.447327
2020-12-21;235.218571;235.388600;235.336757;235.467416
2020-12-28;235.244286;235.431268;235.361762;235.502612
