Date;Obs;Sim;lb:0.05;ub:95
2017-01-02;364.633190;364.485274;364.424162;364.535219
2017-01-09;364.632210;364.511208;364.446684;364.567000
2017-01-16;364.632150;364.532671;364.471712;364.579324
2017-01-23;364.652870;364.682364;364.621330;364.745776
2017-01-30;364.585920;364.655862;364.589772;364.743655
2017-02-06;364.679400;364.685342;364.572134;364.772649
2017-02-13;364.692310;364.685521;364.613878;364.778439
2017-02-20;364.707940;364.609535;364.533000;364.683334
2017-02-27;364.936420;364.732291;364.670348;364.801657
2017-03-06;364.850850;364.854202;364.797176;364.918706
2017-03-13;364.984940;364.907353;364.852046;364.955884
2017-03-20;365.182040;364.910010;364.859335;364.979094
2017-03-27;364.997000;365.179468;365.070883;365.247076
2017-04-03;364.838720;365.048817;364.977592;365.102689
2017-04-10;364.719880;364.893382;364.831870;364.958929
2017-04-17;364.623570;364.751065;364.702367;364.798479
2017-04-24;364.595210;364.738870;364.680101;364.779974
2017-05-01;364.652360;364.663448;364.613397;364.725809
2017-05-08;365.044060;364.931297;364.852034;364.998108
2017-05-15;364.886130;364.893549;364.819240;365.009932
2017-05-22;364.753630;364.742593;364.703062;364.806519
2017-05-29;364.634910;364.664992;364.584944;364.727197
2017-06-05;364.548150;364.560495;364.488745;364.612212
2017-06-12;364.519650;364.513184;364.450075;364.558350
2017-06-19;364.444900;364.488565;364.443475;364.535974
2017-06-26;364.384020;364.416595;364.358330;364.458640
2017-07-03;364.455800;364.369878;364.280219;364.444843
2017-07-10;364.411280;364.422878;364.349216;364.480478
2017-07-17;364.419090;364.469160;364.409982;364.528723
2017-07-24;364.376980;364.415080;364.341129;364.474173
2017-07-31;364.531780;364.388559;364.307961;364.464214
2017-08-07;364.468270;364.559834;364.496889;364.626112
2017-08-14;364.404670;364.442014;364.368108;364.496022
2017-08-21;364.424210;364.449707;364.374832;364.511778
2017-08-28;364.342870;364.510616;364.432834;364.568350
2017-09-04;364.412040;364.455875;364.369363;364.510483
2017-09-11;364.353210;364.602727;364.544203;364.648822
2017-09-18;364.312040;364.544348;364.483170;364.617252
2017-09-25;364.272500;364.534346;364.480200;364.596364
2017-10-02;364.246710;364.499516;364.464876;364.549583
2017-10-09;364.349810;364.581773;364.525839;364.636537
2017-10-16;364.369250;364.602086;364.516357;364.659807
2017-10-23;364.337170;364.566583;364.509015;364.621436
2017-10-30;364.368600;364.603798;364.546808;364.643399
2017-11-06;364.361960;364.619678;364.575861;364.662804
2017-11-13;364.405480;364.616678;364.561649;364.671024
2017-11-20;364.499080;364.762775;364.711406;364.819783
2017-11-27;364.626190;364.719467;364.668665;364.784404
2017-12-04;364.601190;364.863504;364.798891;364.934447
2017-12-11;364.837790;364.852742;364.758818;364.939894
2017-12-18;365.005630;364.942209;364.861703;365.018707
2017-12-25;364.821429;365.029543;364.932121;365.119357
2018-01-01;365.031429;365.040707;364.919232;365.127713
2018-01-08;365.855714;365.481024;365.377579;365.601543
2018-01-15;365.782857;365.720187;365.611847;365.828870
2018-01-22;365.701429;365.539572;365.471394;365.616713
2018-01-29;365.842857;365.845532;365.754378;365.915878
2018-02-05;365.604286;365.619836;365.525987;365.681659
2018-02-12;365.298571;365.461130;365.368680;365.519672
2018-02-19;365.102857;365.260080;365.201863;365.302702
2018-02-26;365.111429;365.327840;365.215327;365.404175
2018-03-05;364.961429;365.226476;365.138380;365.278154
2018-03-12;364.912857;365.213589;365.116798;365.302324
2018-03-19;364.957143;365.250513;365.175998;365.316122
2018-03-26;364.902857;365.179391;365.129053;365.228265
2018-04-02;364.942857;364.997015;364.959341;365.040778
2018-04-09;364.941429;365.174426;365.123921;365.227516
2018-04-16;364.845714;365.016142;364.930612;365.111987
2018-04-23;364.757143;364.891206;364.817220;364.967735
2018-04-30;364.675714;364.793008;364.714970;364.886368
2018-05-07;364.600000;364.701682;364.644260;364.750638
2018-05-14;364.544286;364.642250;364.566624;364.717719
2018-05-21;364.554286;364.565323;364.505588;364.617719
2018-05-28;364.568571;364.520576;364.467813;364.560643
2018-06-04;364.512857;364.512318;364.455634;364.556171
2018-06-11;364.475714;364.508475;364.448944;364.570271
2018-06-18;364.534286;364.620381;364.576295;364.661751
2018-06-25;364.482857;364.493764;364.402187;364.593939
2018-07-02;364.431429;364.415749;364.339932;364.504454
2018-07-09;364.435714;364.401768;364.299347;364.491579
2018-07-16;364.422857;364.599667;364.537318;364.648999
2018-07-23;364.390000;364.557080;364.483159;364.611761
2018-07-30;364.390000;364.511511;364.456398;364.610760
2018-08-06;364.348571;364.445180;364.355199;364.497673
2018-08-13;364.310000;364.420891;364.351163;364.478654
2018-08-20;364.281429;364.370117;364.299013;364.426501
2018-08-27;364.271429;364.348282;364.259764;364.424432
2018-09-03;364.267143;364.327303;364.205937;364.418655
2018-09-10;364.284286;364.354178;364.219058;364.413219
2018-09-17;364.257143;364.320573;364.202612;364.410342
2018-09-24;364.271429;364.306357;364.184059;364.397096
2018-10-01;364.275714;364.362375;364.252864;364.444958
2018-10-08;364.251429;364.320580;364.211021;364.405292
2018-10-15;364.240000;364.282935;364.146625;364.403380
2018-10-22;364.230000;364.277953;364.159993;364.372324
2018-10-29;364.241429;364.260379;364.063417;364.363110
2018-11-05;364.275714;364.368246;364.315271;364.433995
2018-11-12;364.252857;364.296516;364.194363;364.376729
2018-11-19;364.237143;364.298389;364.211909;364.408549
2018-11-26;364.230000;364.289845;364.196344;364.380933
2018-12-03;364.254286;364.354335;364.262198;364.431978
2018-12-10;364.595714;364.824904;364.742569;364.940663
2018-12-17;364.688571;364.990973;364.908371;365.167502
2018-12-24;364.717143;364.781805;364.653137;364.905406
2018-12-31;365.282857;365.388972;365.281250;365.475542
2019-01-07;365.188571;365.150529;365.075752;365.245018
2019-01-14;365.732857;365.429349;365.356764;365.499553
2019-01-21;365.910000;365.563347;365.499089;365.648984
2019-01-28;365.512857;365.380118;365.307416;365.478455
2019-02-04;365.284286;365.273381;365.161676;365.387314
2019-02-11;365.217143;365.358009;365.284557;365.437932
2019-02-18;365.375714;365.296181;365.217078;365.371858
2019-02-25;365.178571;365.103371;364.986327;365.199507
2019-03-04;365.062857;365.027969;364.935474;365.129398
2019-03-11;364.952857;364.965001;364.881123;365.074174
2019-03-18;364.998571;365.014798;364.953052;365.087379
2019-03-25;365.107143;365.198853;365.090211;365.283540
2019-04-01;364.974286;364.970721;364.894843;365.031572
2019-04-08;364.864286;364.825616;364.754436;364.885864
2019-04-15;364.768571;364.787450;364.732500;364.855600
2019-04-22;364.682857;364.719481;364.640410;364.791977
2019-04-29;364.610000;364.627811;364.554504;364.714603
2019-05-06;364.567143;364.607166;364.473975;364.710420
2019-05-13;364.530000;364.600258;364.478578;364.680943
2019-05-20;364.504286;364.603528;364.512297;364.670543
2019-05-27;364.770000;364.895927;364.829741;364.972791
2019-06-03;364.741429;364.826729;364.762288;364.928699
2019-06-10;364.628571;364.637791;364.578346;364.695250
2019-06-17;364.542857;364.569859;364.499249;364.638464
2019-06-24;364.514286;364.571402;364.501903;364.655556
2019-07-01;364.478571;364.597041;364.523508;364.665369
2019-07-08;364.410000;364.510744;364.445485;364.605615
2019-07-15;364.364286;364.426221;364.342050;364.495741
2019-07-22;364.342857;364.393980;364.271870;364.484132
2019-07-29;364.320000;364.393315;364.302831;364.455989
2019-08-05;364.320000;364.387340;364.253510;364.455618
2019-08-12;364.354286;364.351303;364.202634;364.430116
2019-08-19;364.390000;364.454880;364.316890;364.547261
2019-08-26;364.408571;364.453365;364.374205;364.549539
2019-09-02;364.365714;364.483571;364.409865;364.568391
2019-09-09;364.325714;364.417693;364.331741;364.492418
2019-09-16;364.311429;364.427751;364.371449;364.488391
2019-09-23;364.294286;364.370715;364.308189;364.443672
2019-09-30;364.291429;364.337517;364.254507;364.396205
2019-10-07;364.295714;364.377318;364.321524;364.435152
2019-10-14;364.348571;364.419354;364.373743;364.473727
2019-10-21;364.344286;364.464780;364.394617;364.511984
2019-10-28;364.327143;364.446646;364.394185;364.503381
2019-11-04;364.314286;364.417732;364.358046;364.482553
2019-11-11;364.340000;364.452513;364.392050;364.550089
2019-11-18;364.330000;364.430574;364.369757;364.503951
2019-11-25;364.308571;364.396835;364.277782;364.495100
2019-12-02;364.300000;364.390396;364.296202;364.473897
2019-12-09;364.300000;364.417815;364.339061;364.487323
2019-12-16;364.312857;364.412166;364.306258;364.480582
2019-12-23;364.372857;364.496988;364.454727;364.550693
2019-12-30;364.420000;364.515956;364.479346;364.583194
2020-01-06;364.445714;364.538683;364.469505;364.593768
2020-01-13;364.414286;364.495837;364.419647;364.567819
2020-01-20;364.395714;364.532646;364.430196;364.604089
2020-01-27;364.372857;364.562297;364.498888;364.621967
2020-02-03;364.391429;364.539235;364.475883;364.604088
2020-02-10;364.742857;364.949852;364.897223;364.993385
2020-02-17;364.880000;364.937564;364.866556;365.022458
2020-02-24;364.970000;365.122328;365.074376;365.182985
2020-03-02;365.102857;365.151086;365.074077;365.222855
2020-03-09;365.252857;365.278195;365.207132;365.353358
2020-03-16;365.365714;365.189986;365.132085;365.232544
2020-03-23;365.224286;365.228093;365.159886;365.313074
2020-03-30;365.048571;365.148512;365.085757;365.205402
2020-04-06;364.881429;364.953839;364.902693;365.010628
2020-04-13;364.750000;364.793330;364.763672;364.837790
2020-04-20;364.654286;364.770432;364.695253;364.828380
2020-04-27;364.578571;364.702380;364.616362;364.753769
2020-05-04;364.521429;364.653711;364.581056;364.729185
2020-05-11;364.480000;364.604855;364.547423;364.656694
2020-05-18;364.460000;364.574826;364.517386;364.628453
2020-05-25;364.424286;364.540742;364.496754;364.596167
2020-06-01;364.382857;364.492197;364.437045;364.529056
2020-06-08;364.358571;364.444598;364.378845;364.496321
2020-06-15;364.388571;364.518759;364.443999;364.573982
2020-06-22;364.491429;364.574968;364.534445;364.622668
2020-06-29;364.497143;364.588159;364.541306;364.636342
2020-07-06;364.452857;364.523848;364.476935;364.574268
2020-07-13;364.401429;364.529767;364.487955;364.564696
2020-07-20;364.358571;364.453070;364.413614;364.501837
2020-07-27;364.324286;364.425072;364.356018;364.476688
2020-08-03;364.301429;364.416081;364.341054;364.464558
2020-08-10;364.334286;364.459111;364.389568;364.514368
2020-08-17;364.307143;364.388084;364.308702;364.424904
2020-08-24;364.295714;364.379645;364.314961;364.433907
2020-08-31;364.281429;364.350763;364.243028;364.416803
2020-09-07;364.332857;364.395871;364.309085;364.447282
2020-09-14;364.294286;364.347032;364.231500;364.421521
2020-09-21;364.261429;364.327010;364.216974;364.402565
2020-09-28;364.262857;364.316368;364.198773;364.388242
2020-10-05;364.280000;364.354582;364.283495;364.424963
2020-10-12;364.262857;364.311760;364.232022;364.380864
2020-10-19;364.270000;364.331285;364.246367;364.417577
2020-10-26;364.280000;364.345367;364.284650;364.402315
2020-11-02;364.304286;364.396620;364.351945;364.442542
2020-11-09;364.327143;364.454642;364.389027;364.492549
2020-11-16;364.307143;364.405136;364.365717;364.446693
2020-11-23;364.300000;364.373991;364.276236;364.428539
2020-11-30;364.305714;364.379356;364.324571;364.410777
2020-12-07;364.308571;364.390211;364.320547;364.432306
2020-12-14;364.341429;364.395784;364.327525;364.455904
2020-12-21;364.361429;364.446509;364.377411;364.489539
2020-12-28;364.448571;364.471028;364.418140;364.506540
