Date;Obs;Sim;lb:0.05;ub:95
2017-01-02;345.060000;345.267091;345.159369;345.455952
2017-01-09;345.030000;345.220505;345.104401;345.352939
2017-01-16;345.040000;345.224997;345.072882;345.407515
2017-01-23;345.010000;345.405627;345.303804;345.598846
2017-01-30;345.000000;345.406885;345.269141;345.534961
2017-02-06;345.070000;345.496921;345.401813;345.680556
2017-02-13;345.140000;345.643956;345.543893;345.803131
2017-02-20;345.150000;345.580992;345.474994;345.766307
2017-02-27;345.340000;345.645454;345.490408;345.804446
2017-03-06;345.620000;345.921947;345.842931;346.015894
2017-03-13;346.120000;346.198459;346.116753;346.293176
2017-03-20;346.090000;346.238753;346.144244;346.323332
2017-03-27;346.130000;346.337434;346.206662;346.429280
2017-04-03;345.990000;346.302821;346.228687;346.387952
2017-04-10;345.810000;346.125562;345.981128;346.267108
2017-04-17;345.690000;345.898697;345.774341;346.040346
2017-04-24;345.570000;345.838914;345.678151;345.991602
2017-05-01;345.530000;345.690326;345.570157;345.835147
2017-05-08;345.530000;345.740215;345.633801;345.846571
2017-05-15;345.620000;346.069923;345.996271;346.191409
2017-05-22;345.610000;346.064844;345.958824;346.151231
2017-05-29;345.610000;346.085628;345.991750;346.181029
2017-06-05;345.560000;345.960017;345.914223;346.021002
2017-06-12;345.500000;345.843507;345.790791;345.902914
2017-06-19;345.420000;345.733838;345.652097;345.821626
2017-06-26;345.380000;345.631735;345.572986;345.687700
2017-07-03;345.340000;345.560715;345.497539;345.650400
2017-07-10;345.310000;345.550441;345.474467;345.608295
2017-07-17;345.250000;345.562483;345.454276;345.639308
2017-07-24;345.270000;345.486665;345.441727;345.525253
2017-07-31;345.420000;345.532120;345.426738;345.598416
2017-08-07;345.390000;345.615746;345.546072;345.682971
2017-08-14;345.360000;345.532988;345.472733;345.630182
2017-08-21;345.370000;345.534966;345.465408;345.618697
2017-08-28;345.320000;345.488570;345.425641;345.571652
2017-09-04;345.270000;345.443971;345.375327;345.524318
2017-09-11;345.260000;345.410616;345.324641;345.509915
2017-09-18;345.320000;345.378954;345.246036;345.455740
2017-09-25;345.280000;345.521500;345.470326;345.588873
2017-10-02;345.250000;345.471184;345.403391;345.546472
2017-10-09;345.250000;345.518665;345.465137;345.598984
2017-10-16;345.220000;345.474597;345.400241;345.543112
2017-10-23;345.230000;345.465504;345.394914;345.531483
2017-10-30;345.200000;345.378198;345.284093;345.450439
2017-11-06;345.200000;345.375591;345.301674;345.460281
2017-11-13;345.230000;345.307767;345.226295;345.393120
2017-11-20;345.430000;345.510977;345.435783;345.579305
2017-11-27;345.520000;345.455267;345.334547;345.602551
2017-12-04;346.100000;345.909856;345.804175;345.980547
2017-12-11;346.100000;345.986523;345.912767;346.093610
2017-12-18;346.720000;346.308150;346.131444;346.436984
2017-12-25;346.730000;346.564328;346.366084;346.750645
2018-01-01;346.790000;346.475267;346.363928;346.568077
2018-01-08;347.650000;346.778178;346.653513;346.903262
2018-01-15;347.150000;347.003081;346.843143;347.116786
2018-01-22;347.140000;346.861137;346.726656;346.962320
2018-01-29;347.110000;347.078499;346.995534;347.184612
2018-02-05;347.040000;346.965723;346.832526;347.069087
2018-02-12;346.920000;346.994398;346.885333;347.127010
2018-02-19;346.670000;346.817554;346.738681;346.900746
2018-02-26;346.480000;346.746519;346.605174;346.863646
2018-03-05;346.400000;346.550014;346.480846;346.636688
2018-03-12;346.220000;346.452231;346.371681;346.540117
2018-03-19;346.150000;346.509352;346.437630;346.579172
2018-03-26;346.140000;346.575882;346.466269;346.642075
2018-04-02;346.160000;346.441151;346.371414;346.558015
2018-04-09;346.140000;346.534842;346.440965;346.640068
2018-04-16;346.140000;346.463019;346.359233;346.585779
2018-04-23;346.180000;346.523427;346.429376;346.617453
2018-04-30;346.130000;346.417575;346.350909;346.526262
2018-05-07;345.950000;346.236409;346.140077;346.336458
2018-05-14;345.900000;346.053088;345.964365;346.142064
2018-05-21;345.780000;346.014738;345.934146;346.126939
2018-05-28;345.934286;345.914040;345.858171;346.028285
2018-06-04;346.088571;345.935101;345.864021;346.041643
2018-06-11;345.985714;345.809262;345.741353;345.904079
2018-06-18;345.862857;345.794466;345.719327;345.893782
2018-06-25;345.730000;345.665129;345.587428;345.759641
2018-07-02;345.660000;345.583104;345.486392;345.658899
2018-07-09;345.588571;345.472847;345.384178;345.534566
2018-07-16;345.505714;345.406723;345.317316;345.475916
2018-07-23;345.447143;345.383315;345.242204;345.478094
2018-07-30;345.400000;345.332405;345.178194;345.422807
2018-08-06;345.331429;345.275688;345.133716;345.379030
2018-08-13;345.297143;345.233264;345.117131;345.339334
2018-08-20;345.252857;345.193947;344.972896;345.319365
2018-08-27;345.225714;345.156248;344.963548;345.320053
2018-09-03;345.182857;345.147485;344.977452;345.305322
2018-09-10;345.162857;345.117235;344.902881;345.306528
2018-09-17;345.115714;345.127243;344.966330;345.272052
2018-09-24;345.102857;345.046939;344.870331;345.234798
2018-10-01;345.068571;345.102933;344.945419;345.254599
2018-10-08;345.064286;345.047221;344.831839;345.204179
2018-10-15;345.045714;345.024808;344.840712;345.175258
2018-10-22;345.031429;344.999423;344.848022;345.155048
2018-10-29;345.197500;344.974559;344.749541;345.139282
2018-11-05;345.288000;344.928004;344.794165;345.088531
2018-11-12;345.274286;344.906586;344.789972;345.045367
2018-11-19;345.240000;344.888847;344.697263;345.059914
2018-11-26;345.260000;344.870557;344.728270;345.045239
2018-12-03;345.167143;344.838008;344.664108;345.008990
2018-12-10;345.270000;345.277689;345.079456;345.512772
2018-12-17;345.334286;345.521376;345.307759;345.867856
2018-12-24;345.358571;345.556395;345.349762;345.880672
2018-12-31;345.591429;345.977791;345.777632;346.149907
2019-01-07;345.638571;345.808990;345.608917;346.145421
2019-01-14;345.870000;345.827193;345.592450;346.052869
2019-01-21;346.714286;346.290820;346.157977;346.446831
2019-01-28;346.588571;346.320213;346.159576;346.567642
2019-02-04;346.357143;346.454855;346.310809;346.621638
2019-02-11;346.167143;346.298087;346.151962;346.516722
2019-02-18;346.381429;346.273140;346.081641;346.543076
2019-02-25;346.381429;346.075793;345.901871;346.383807
2019-03-04;346.200000;346.049135;345.852470;346.255946
2019-03-11;346.097143;346.018886;345.857922;346.227808
2019-03-18;346.322857;346.241594;346.112852;346.404599
2019-03-25;346.911429;346.567453;346.463095;346.685732
2019-04-01;346.701429;346.467116;346.324911;346.634322
2019-04-08;346.521429;346.275574;346.148677;346.486888
2019-04-15;346.240000;346.278958;346.155356;346.416591
2019-04-22;346.044286;346.180351;346.054008;346.298347
2019-04-29;345.977143;346.065273;345.946478;346.239684
2019-05-06;345.858571;346.004228;345.876137;346.164427
2019-05-13;345.788571;345.917288;345.785361;346.032640
2019-05-20;345.742857;345.912048;345.852342;346.007727
2019-05-27;345.965714;345.994836;345.878001;346.088901
2019-06-03;346.090000;345.904012;345.773534;346.076118
2019-06-10;345.990000;345.849226;345.763660;345.928825
2019-06-17;345.885714;345.803021;345.742815;345.901688
2019-06-24;345.784286;345.724091;345.634436;345.841347
2019-07-01;345.680000;345.666879;345.584908;345.782280
2019-07-08;345.611429;345.589098;345.528023;345.683063
2019-07-15;345.550000;345.480383;345.389293;345.559943
2019-07-22;345.494286;345.403391;345.273984;345.480348
2019-07-29;345.450000;345.372182;345.228702;345.479366
2019-08-05;345.421429;345.385980;345.285963;345.467398
2019-08-12;345.395714;345.335278;345.253040;345.402036
2019-08-19;345.371429;345.330798;345.240761;345.405386
2019-08-26;345.414286;345.258214;345.119937;345.414949
2019-09-02;345.415714;345.225815;345.064017;345.345544
2019-09-09;345.364286;345.202625;344.938483;345.331694
2019-09-16;345.330000;345.205835;344.958539;345.304353
2019-09-23;345.304286;345.138843;344.979964;345.259627
2019-09-30;345.321429;345.132098;344.953136;345.260329
2019-10-07;345.327143;345.262976;345.172887;345.338051
2019-10-14;345.474286;345.373077;345.298680;345.468753
2019-10-21;345.628571;345.495601;345.369933;345.650362
2019-10-28;345.627143;345.662738;345.564200;345.819914
2019-11-04;345.587143;345.508112;345.393971;345.582088
2019-11-11;345.671429;345.587149;345.452646;345.707022
2019-11-18;345.844286;345.604376;345.445197;345.769603
2019-11-25;345.771429;345.558897;345.429460;345.682680
2019-12-02;345.672857;345.488448;345.390004;345.677338
2019-12-09;345.710000;345.635687;345.526614;345.765353
2019-12-16;345.942857;345.665137;345.519217;345.800934
2019-12-23;346.644286;346.177818;346.086737;346.268979
2019-12-30;346.497143;346.352325;346.246291;346.505568
2020-01-06;346.454286;346.297328;346.195949;346.384357
2020-01-13;346.284286;346.134863;346.088557;346.216205
2020-01-20;346.108571;346.124352;346.055484;346.177411
2020-01-27;345.965714;346.050856;345.924619;346.168794
2020-02-03;345.957143;346.021347;345.907561;346.118149
2020-02-10;346.728571;346.653065;346.540468;346.760956
2020-02-17;346.964286;346.797394;346.691771;346.860674
2020-02-24;347.051429;346.925377;346.786540;347.042719
2020-03-02;347.102857;346.993039;346.853386;347.107756
2020-03-09;347.357143;347.096768;346.994896;347.225398
2020-03-16;347.401429;347.139842;347.022881;347.250543
2020-03-23;347.168571;347.075661;346.982629;347.181212
2020-03-30;346.910000;346.854315;346.728647;346.928879
2020-04-06;346.680000;346.614366;346.530821;346.689090
2020-04-13;346.418571;346.363342;346.236731;346.462080
2020-04-20;346.224286;346.197073;346.118420;346.306909
2020-04-27;346.084286;346.054962;345.888312;346.244724
2020-05-04;346.071429;345.932082;345.827728;346.027632
2020-05-11;345.964286;345.863483;345.789870;345.947456
2020-05-18;345.887143;345.830962;345.756458;345.936923
2020-05-25;345.775714;345.739198;345.634814;345.835628
2020-06-01;345.692857;345.650716;345.578304;345.765857
2020-06-08;345.714286;345.551848;345.465819;345.656815
2020-06-15;345.631429;345.558618;345.472926;345.685437
2020-06-22;345.557143;345.515591;345.447160;345.592093
2020-06-29;345.498571;345.491707;345.427312;345.551030
2020-07-06;345.465714;345.433722;345.304494;345.516411
2020-07-13;345.404286;345.388625;345.300720;345.480122
2020-07-20;345.365714;345.341299;345.202977;345.450818
2020-07-27;345.321429;345.284172;345.084435;345.428423
2020-08-03;345.280000;345.252032;345.110858;345.387784
2020-08-10;345.235714;345.244887;345.106862;345.369266
2020-08-17;345.211429;345.223759;345.081258;345.354785
2020-08-24;345.187143;345.172647;345.043103;345.279478
2020-08-31;345.154286;345.133072;344.925294;345.267827
2020-09-07;345.114286;345.145537;344.955022;345.290797
2020-09-14;345.071429;345.112125;344.921153;345.250291
2020-09-21;345.054286;345.108795;344.868185;345.280435
2020-09-28;345.072857;345.095161;344.835207;345.267979
2020-10-05;345.070000;345.114781;344.963948;345.240880
2020-10-12;345.028571;345.087285;344.975974;345.225374
2020-10-19;345.005714;345.121239;345.038184;345.243507
2020-10-26;344.992857;345.095654;344.995842;345.222049
2020-11-02;344.994286;345.130501;345.036700;345.217818
2020-11-09;344.991429;345.200079;345.113002;345.329773
2020-11-16;345.007143;345.160085;345.084851;345.300359
2020-11-23;344.967143;345.122215;345.054807;345.241228
2020-11-30;344.962857;345.094833;345.009079;345.213942
2020-12-07;344.981429;345.058400;344.932477;345.222661
2020-12-14;344.978571;345.077806;344.966121;345.256009
2020-12-21;344.925714;345.092200;344.948943;345.303012
2020-12-28;345.060000;345.158109;345.043384;345.387360
