Date;Obs;Sim;lb:0.05;ub:95
2017-01-02;54.490000;54.626516;54.548279;54.693555
2017-01-09;54.524000;54.577553;54.511241;54.660509
2017-01-16;54.558000;54.609772;54.560728;54.673397
2017-01-23;54.592000;54.758100;54.705302;54.816990
2017-01-30;54.626000;54.652903;54.570433;54.710472
2017-02-06;54.660000;54.696693;54.639276;54.756040
2017-02-13;54.705000;54.707676;54.622066;54.769891
2017-02-20;54.750000;54.674488;54.629174;54.709957
2017-02-27;54.795000;54.723567;54.650134;54.779310
2017-03-06;54.840000;54.934970;54.889636;55.009052
2017-03-13;54.762500;54.875942;54.832403;54.925844
2017-03-20;54.685000;54.803382;54.746672;54.857835
2017-03-27;54.607500;54.769084;54.729243;54.808192
2017-04-03;54.530000;54.632950;54.586290;54.671597
2017-04-10;54.475000;54.511933;54.468970;54.542494
2017-04-17;54.420000;54.381251;54.329636;54.436425
2017-04-24;54.365000;54.392158;54.333547;54.453417
2017-05-01;54.310000;54.374631;54.321223;54.421478
2017-05-08;54.280000;54.328435;54.255129;54.394443
2017-05-15;54.250000;54.274806;54.212477;54.331884
2017-05-22;54.220000;54.207040;54.137410;54.256596
2017-05-29;54.190000;54.208210;54.159597;54.251616
2017-06-05;54.160000;54.079281;54.016536;54.134012
2017-06-12;54.120000;54.027501;53.947102;54.083070
2017-06-19;54.080000;54.014517;53.930549;54.106427
2017-06-26;54.040000;53.968459;53.873115;54.033626
2017-07-03;54.000000;53.959717;53.894543;54.016469
2017-07-10;54.034000;53.978646;53.939784;54.016716
2017-07-17;54.068000;53.972174;53.915416;54.004253
2017-07-24;54.102000;54.035025;54.001755;54.086843
2017-07-31;54.136000;54.211889;54.149312;54.269422
2017-08-07;54.170000;54.211555;54.147683;54.280552
2017-08-14;54.157500;54.083784;54.039463;54.123096
2017-08-21;54.145000;54.157839;54.084614;54.198650
2017-08-28;54.132500;54.116654;54.073636;54.156417
2017-09-04;54.120000;54.060129;54.006336;54.098993
2017-09-11;54.192500;54.062009;54.023639;54.115171
2017-09-18;54.265000;54.183023;54.147119;54.221460
2017-09-25;54.337500;54.302933;54.271162;54.325768
2017-10-02;54.410000;54.207750;54.165537;54.235752
2017-10-09;54.422000;54.253238;54.222692;54.284823
2017-10-16;54.434000;54.461042;54.415396;54.507820
2017-10-23;54.446000;54.379668;54.334188;54.436056
2017-10-30;54.458000;54.386095;54.348516;54.438391
2017-11-06;54.470000;54.402644;54.374663;54.463685
2017-11-13;54.565000;54.441039;54.394400;54.480634
2017-11-20;54.660000;54.516590;54.453673;54.594706
2017-11-27;54.755000;54.687182;54.601319;54.768498
2017-12-04;54.850000;54.850473;54.802829;54.917379
2017-12-11;54.955000;54.790008;54.745061;54.840887
2017-12-18;55.060000;54.944325;54.883842;55.033580
2017-12-25;55.165000;55.019886;54.977622;55.074684
2018-01-01;55.270000;54.930132;54.871850;54.987670
2018-01-08;55.238000;55.083153;55.038774;55.144043
2018-01-15;55.206000;55.073225;55.018378;55.133677
2018-01-22;55.174000;54.985525;54.947134;55.023145
2018-01-29;55.142000;55.104108;55.045095;55.170640
2018-02-05;55.110000;54.956507;54.917720;55.004510
2018-02-12;55.010000;54.919199;54.877132;54.969769
2018-02-19;54.910000;54.834036;54.800997;54.872373
2018-02-26;54.810000;54.830419;54.773267;54.886359
2018-03-05;54.710000;54.693933;54.657998;54.737601
2018-03-12;54.610000;54.658259;54.622226;54.711766
2018-03-19;54.673333;54.791300;54.743118;54.824241
2018-03-26;54.736667;54.715914;54.669822;54.764387
2018-04-02;54.800000;54.683626;54.641664;54.741321
2018-04-09;54.710000;54.801601;54.750476;54.849280
2018-04-16;54.620000;54.671481;54.630226;54.709485
2018-04-23;54.530000;54.566738;54.525883;54.614909
2018-04-30;54.440000;54.414950;54.359388;54.459352
2018-05-07;54.350000;54.419256;54.379193;54.468497
2018-05-14;54.315000;54.305555;54.250685;54.344882
2018-05-21;54.280000;54.520340;54.464441;54.579728
2018-05-28;54.245000;54.360673;54.314484;54.430770
2018-06-04;54.210000;54.239235;54.197482;54.289556
2018-06-11;54.147500;54.205429;54.159079;54.250135
2018-06-18;54.085000;54.111914;54.062538;54.175400
2018-06-25;54.022500;54.039904;53.993108;54.080221
2018-07-02;53.960000;54.029428;53.990737;54.072500
2018-07-09;53.892000;53.960429;53.902415;54.002425
2018-07-16;53.824000;53.892398;53.789151;53.960955
2018-07-23;53.756000;53.891069;53.813425;53.942768
2018-07-30;53.688000;53.850040;53.759481;53.905110
2018-08-06;53.620000;53.811143;53.728885;53.871029
2018-08-13;53.632500;53.767133;53.651901;53.868823
2018-08-20;53.645000;53.767460;53.680296;53.875823
2018-08-27;53.657500;53.744200;53.634580;53.868664
2018-09-03;53.670000;53.725042;53.616459;53.864103
2018-09-10;53.665000;53.733324;53.624601;53.868994
2018-09-17;53.660000;53.725593;53.609480;53.867609
2018-09-24;53.655000;53.711076;53.567679;53.867888
2018-10-01;53.650000;53.789302;53.706681;53.881300
2018-10-08;53.666000;53.790932;53.708160;53.882915
2018-10-15;53.682000;53.819145;53.717509;53.891215
2018-10-22;53.698000;53.799197;53.703449;53.889504
2018-10-29;53.714000;53.779831;53.686472;53.862676
2018-11-05;53.730000;53.848184;53.758249;53.947713
2018-11-12;53.765000;53.917618;53.817196;54.065531
2018-11-19;53.800000;54.007524;53.868280;54.144474
2018-11-26;53.835000;53.997305;53.899381;54.125568
2018-12-03;53.870000;54.036547;53.947058;54.142516
2018-12-10;54.006000;54.270497;54.128655;54.388410
2018-12-17;54.142000;54.460033;54.303875;54.578110
2018-12-24;54.278000;54.424117;54.321566;54.527190
2018-12-31;54.414000;54.749211;54.650894;54.870863
2019-01-07;54.550000;54.727145;54.599565;54.807121
2019-01-14;54.632500;54.788685;54.676248;54.881661
2019-01-21;54.715000;54.893020;54.811274;54.965533
2019-01-28;54.797500;54.844345;54.753957;54.895402
2019-02-04;54.880000;54.948067;54.896291;55.026844
2019-02-11;54.882000;54.853323;54.793914;54.920314
2019-02-18;54.884000;54.969365;54.927746;55.029941
2019-02-25;54.886000;54.781665;54.713791;54.841324
2019-03-04;54.888000;54.702724;54.626497;54.803124
2019-03-11;54.890000;54.694847;54.631967;54.748286
2019-03-18;54.850000;54.907196;54.867579;54.949146
2019-03-25;54.810000;54.925789;54.861719;54.976932
2019-04-01;54.770000;54.788079;54.742899;54.845693
2019-04-08;54.678000;54.630901;54.570685;54.716964
2019-04-15;54.586000;54.609797;54.559575;54.651307
2019-04-22;54.494000;54.476194;54.411511;54.523195
2019-04-29;54.402000;54.414412;54.352437;54.470064
2019-05-06;54.310000;54.353682;54.291993;54.420361
2019-05-13;54.265000;54.349810;54.290140;54.399220
2019-05-20;54.220000;54.345927;54.278182;54.407654
2019-05-27;54.175000;54.266170;54.203215;54.302353
2019-06-03;54.130000;54.208808;54.144595;54.256621
2019-06-10;54.100000;54.221313;54.167785;54.263857
2019-06-17;54.070000;54.175494;54.119200;54.215587
2019-06-24;54.040000;54.171127;54.114697;54.212702
2019-07-01;54.010000;54.140633;54.086750;54.183833
2019-07-08;53.990000;54.038048;53.972184;54.072251
2019-07-15;53.970000;53.973486;53.918127;54.012047
2019-07-22;53.950000;54.011281;53.971954;54.059616
2019-07-29;53.930000;53.971894;53.919455;54.032005
2019-08-05;53.910000;53.903883;53.838773;53.973077
2019-08-12;53.877500;53.870587;53.807115;53.937510
2019-08-19;53.845000;53.862848;53.812897;53.911047
2019-08-26;53.812500;53.876658;53.839496;53.921585
2019-09-02;53.780000;53.824181;53.750039;53.901771
2019-09-09;53.804000;53.893327;53.838208;53.950512
2019-09-16;53.828000;53.868654;53.827094;53.906445
2019-09-23;53.852000;53.884545;53.846699;53.915394
2019-09-30;53.876000;53.854691;53.803346;53.885466
2019-10-07;53.900000;54.108675;54.046602;54.186905
2019-10-14;54.022500;54.243247;54.167556;54.326264
2019-10-21;54.145000;54.336704;54.264541;54.389340
2019-10-28;54.267500;54.493800;54.406999;54.568965
2019-11-04;54.390000;54.387010;54.309689;54.451039
2019-11-11;54.475000;54.414452;54.359453;54.459922
2019-11-18;54.560000;54.441534;54.400612;54.474653
2019-11-25;54.645000;54.721662;54.688731;54.765665
2019-12-02;54.730000;54.691162;54.652368;54.725284
2019-12-09;54.738000;54.698931;54.661348;54.753989
2019-12-16;54.746000;54.772211;54.723718;54.813867
2019-12-23;54.754000;54.882724;54.835401;54.923061
2019-12-30;54.762000;54.877692;54.838248;54.934601
2020-01-06;54.770000;54.815066;54.758635;54.885887
2020-01-13;54.775000;54.815792;54.760123;54.867815
2020-01-20;54.780000;54.910981;54.847249;54.960203
2020-01-27;54.785000;54.791315;54.741926;54.838344
2020-02-03;54.790000;54.675287;54.627459;54.742108
2020-02-10;54.868000;54.821411;54.773718;54.860941
2020-02-17;54.946000;54.945848;54.909213;54.984787
2020-02-24;55.024000;54.946225;54.898859;54.995784
2020-03-02;55.102000;55.046607;55.006748;55.089296
2020-03-09;55.180000;54.982267;54.908606;55.021796
2020-03-16;55.062500;54.994229;54.962199;55.036487
2020-03-23;54.945000;54.968977;54.912045;55.019704
2020-03-30;54.827500;54.777303;54.732446;54.842519
2020-04-06;54.710000;54.689632;54.640783;54.739326
2020-04-13;54.615000;54.574307;54.505248;54.639381
2020-04-20;54.520000;54.502029;54.442644;54.576483
2020-04-27;54.425000;54.427695;54.360597;54.483545
2020-05-04;54.330000;54.341516;54.292459;54.398643
2020-05-11;54.338000;54.366092;54.313367;54.425254
2020-05-18;54.346000;54.285680;54.209345;54.340367
2020-05-25;54.354000;54.231342;54.166710;54.281323
2020-06-01;54.362000;54.156890;54.096912;54.207272
2020-06-08;54.370000;54.091108;54.041463;54.166104
2020-06-15;54.285000;54.143657;54.085603;54.185282
2020-06-22;54.200000;54.192517;54.153763;54.242341
2020-06-29;54.165000;54.213309;54.144394;54.259573
2020-07-06;54.130000;54.076499;54.030906;54.110776
2020-07-13;54.095000;54.156650;54.099508;54.205137
2020-07-20;54.060000;54.080427;54.031684;54.127676
2020-07-27;54.025000;54.025101;53.974039;54.076144
2020-08-03;53.990000;54.004109;53.961634;54.050604
2020-08-10;53.948000;53.955665;53.919568;53.990617
2020-08-17;53.906000;53.916092;53.867723;53.966358
2020-08-24;53.864000;53.949392;53.895805;54.006808
2020-08-31;53.822000;53.890979;53.850702;53.943663
2020-09-07;53.780000;53.916339;53.866983;53.946312
2020-09-14;53.805000;53.898344;53.860609;53.934951
2020-09-21;53.830000;53.879973;53.844195;53.921902
2020-09-28;53.855000;53.849509;53.800880;53.898288
2020-10-05;53.880000;53.992361;53.933788;54.036741
2020-10-12;53.948000;53.994856;53.952919;54.028159
2020-10-19;54.016000;54.216284;54.165757;54.260076
2020-10-26;54.084000;54.160830;54.114081;54.206702
2020-11-02;54.152000;54.339451;54.294943;54.375480
2020-11-09;54.220000;54.491789;54.463094;54.522841
2020-11-16;54.255000;54.383430;54.353181;54.426689
2020-11-23;54.290000;54.444706;54.397773;54.477597
2020-11-30;54.325000;54.457215;54.420590;54.491832
2020-12-07;54.360000;54.497799;54.448391;54.556553
2020-12-14;54.475000;54.599261;54.546316;54.663320
2020-12-21;54.590000;54.585091;54.545917;54.631720
2020-12-28;54.705000;54.682564;54.635298;54.722544
