Date;Obs;Sim;lb:0.05;ub:95
2017-01-02;414.667600;414.806949;414.774005;414.833176
2017-01-09;414.668960;414.812878;414.787506;414.841292
2017-01-16;414.662410;414.828508;414.796471;414.864091
2017-01-23;414.681070;414.867424;414.840654;414.893657
2017-01-30;414.687860;414.886903;414.858907;414.911435
2017-02-06;414.700000;414.907132;414.879114;414.927922
2017-02-13;414.720000;414.923851;414.893579;414.947029
2017-02-20;414.771250;414.911143;414.886324;414.929536
2017-02-27;414.836040;414.927315;414.895888;414.951163
2017-03-06;414.844790;414.924760;414.906677;414.945415
2017-03-13;414.853130;414.935832;414.919853;414.956430
2017-03-20;414.874790;414.925453;414.911475;414.935034
2017-03-27;414.858130;414.946585;414.933841;414.962508
2017-04-03;414.780000;414.940788;414.925833;414.959921
2017-04-10;414.727710;414.908884;414.891699;414.922531
2017-04-17;414.690000;414.847534;414.833572;414.863884
2017-04-24;414.670000;414.818788;414.800565;414.837738
2017-05-01;414.646460;414.769728;414.742111;414.800859
2017-05-08;414.640000;414.771350;414.740042;414.792645
2017-05-15;414.610000;414.756296;414.742563;414.779588
2017-05-22;414.600000;414.744272;414.726297;414.758961
2017-05-29;414.667310;414.745392;414.729970;414.754900
2017-06-05;414.641210;414.698816;414.687250;414.715353
2017-06-12;414.606250;414.683282;414.671642;414.704823
2017-06-19;414.556730;414.650708;414.637032;414.671475
2017-06-26;414.482857;414.594029;414.576007;414.618027
2017-07-03;414.521429;414.528452;414.502989;414.554179
2017-07-10;414.547143;414.594714;414.582126;414.608299
2017-07-17;414.514286;414.605682;414.592831;414.625116
2017-07-24;414.491429;414.614790;414.594768;414.634569
2017-07-31;414.495714;414.621747;414.599324;414.638805
2017-08-07;414.470000;414.611302;414.596527;414.621100
2017-08-14;414.470000;414.534526;414.515192;414.558090
2017-08-21;414.464286;414.524962;414.506834;414.539874
2017-08-28;414.451429;414.524474;414.508447;414.538013
2017-09-04;414.461429;414.572879;414.557106;414.591507
2017-09-11;414.497143;414.589374;414.568948;414.608496
2017-09-18;414.527143;414.582697;414.567526;414.597551
2017-09-25;414.572857;414.642799;414.632944;414.660214
2017-10-02;414.582857;414.648245;414.628107;414.665665
2017-10-09;414.605714;414.659377;414.640186;414.685765
2017-10-16;414.621429;414.674951;414.659802;414.687502
2017-10-23;414.624286;414.685561;414.667284;414.707550
2017-10-30;414.641429;414.694069;414.672682;414.712306
2017-11-06;414.681429;414.740141;414.728006;414.754228
2017-11-13;414.720000;414.757713;414.744168;414.774141
2017-11-20;414.792857;414.827888;414.806187;414.850072
2017-11-27;414.865714;414.867844;414.849176;414.881186
2017-12-04;414.944286;414.930891;414.916495;414.947108
2017-12-11;415.018571;414.944188;414.929868;414.952452
2017-12-18;415.097143;414.989337;414.972586;415.006793
2017-12-25;415.107143;415.015536;415.000371;415.025175
2018-01-01;415.114286;415.028006;415.009131;415.045245
2018-01-08;415.241429;415.062267;415.039354;415.083296
2018-01-15;415.164286;415.117403;415.089809;415.138606
2018-01-22;415.271429;415.110287;415.090862;415.129248
2018-01-29;415.277143;415.170438;415.145663;415.185744
2018-02-05;415.208571;415.145877;415.124483;415.162749
2018-02-12;415.115714;415.140915;415.126062;415.167052
2018-02-19;415.045714;415.085909;415.062050;415.106844
2018-02-26;415.001429;415.078177;415.052144;415.098564
2018-03-05;414.968571;415.037720;415.017790;415.060059
2018-03-12;414.968571;415.044510;415.027043;415.058995
2018-03-19;415.077143;415.054581;415.040578;415.068030
2018-03-26;415.031429;415.060492;415.044768;415.074982
2018-04-02;415.015714;415.005580;414.986345;415.025703
2018-04-09;414.984286;415.017516;414.994870;415.039934
2018-04-16;414.934286;414.974292;414.959863;414.994525
2018-04-23;414.882857;414.942758;414.916113;414.960004
2018-04-30;414.835714;414.871413;414.857164;414.894568
2018-05-07;414.770000;414.810344;414.790608;414.827180
2018-05-14;414.710000;414.753998;414.736694;414.765082
2018-05-21;414.651429;414.707156;414.688654;414.724774
2018-05-28;414.604286;414.676047;414.661305;414.690411
2018-06-04;414.570000;414.667870;414.650032;414.685405
2018-06-11;414.541429;414.667528;414.647018;414.684895
2018-06-18;414.651429;414.715768;414.685674;414.739813
2018-06-25;414.610000;414.667757;414.649477;414.681329
2018-07-02;414.555714;414.615952;414.598016;414.630586
2018-07-09;414.501429;414.559467;414.542270;414.579494
2018-07-16;414.471429;414.511089;414.495648;414.536536
2018-07-23;414.442857;414.474892;414.462178;414.487740
2018-07-30;414.415714;414.465300;414.447072;414.482918
2018-08-06;414.387143;414.430092;414.399696;414.455321
2018-08-13;414.361429;414.398376;414.381171;414.416278
2018-08-20;414.348571;414.348662;414.327312;414.374059
2018-08-27;414.335714;414.325862;414.304935;414.344681
2018-09-03;414.327143;414.300656;414.273091;414.328220
2018-09-10;414.342857;414.369017;414.351344;414.387817
2018-09-17;414.335714;414.396176;414.381752;414.415051
2018-09-24;414.325714;414.401149;414.382368;414.424332
2018-10-01;414.350000;414.427582;414.405724;414.443457
2018-10-08;414.355714;414.439885;414.421921;414.463557
2018-10-15;414.345714;414.421475;414.396527;414.456392
2018-10-22;414.330000;414.435149;414.415392;414.457397
2018-10-29;414.352857;414.428110;414.401820;414.455017
2018-11-05;414.365714;414.467485;414.442970;414.490596
2018-11-12;414.385714;414.471115;414.445052;414.503705
2018-11-19;414.398571;414.497162;414.471074;414.532768
2018-11-26;414.408571;414.511436;414.473647;414.543253
2018-12-03;414.422857;414.535324;414.493886;414.580504
2018-12-10;414.497143;414.640071;414.607736;414.673442
2018-12-17;414.548571;414.742656;414.719501;414.771791
2018-12-24;414.601429;414.768999;414.750633;414.794313
2018-12-31;414.760000;414.888708;414.876044;414.904678
2019-01-07;414.822857;414.929048;414.907715;414.949997
2019-01-14;414.948571;414.991466;414.973026;415.011459
2019-01-21;414.994286;415.050876;415.037749;415.068704
2019-01-28;414.940000;415.078273;415.062875;415.099135
2019-02-04;414.918571;415.090120;415.077983;415.108009
2019-02-11;414.922857;415.096028;415.073386;415.125656
2019-02-18;415.028571;415.097664;415.070688;415.116858
2019-02-25;414.961429;415.052841;415.017555;415.082339
2019-03-04;414.942857;414.986935;414.962616;415.015823
2019-03-11;414.977143;414.956630;414.924811;414.987190
2019-03-18;415.114286;414.986392;414.968761;415.003799
2019-03-25;415.087143;415.035358;415.017226;415.052724
2019-04-01;415.000000;414.996518;414.977545;415.009924
2019-04-08;414.941429;414.951839;414.935178;414.963138
2019-04-15;414.881429;414.910455;414.893176;414.929903
2019-04-22;414.827143;414.867776;414.846686;414.897592
2019-04-29;414.784286;414.821370;414.792752;414.857585
2019-05-06;414.780000;414.823514;414.807539;414.840840
2019-05-13;414.754286;414.813466;414.791327;414.841740
2019-05-20;414.744286;414.807677;414.791208;414.830507
2019-05-27;414.940000;414.810954;414.795715;414.827448
2019-06-03;414.861429;414.799637;414.782228;414.826341
2019-06-10;414.772857;414.754893;414.738071;414.775510
2019-06-17;414.701429;414.671637;414.647911;414.692897
2019-06-24;414.644286;414.630824;414.609447;414.659975
2019-07-01;414.570000;414.582959;414.557600;414.609938
2019-07-08;414.508571;414.530540;414.498810;414.556963
2019-07-15;414.482857;414.471715;414.446169;414.497322
2019-07-22;414.474286;414.460680;414.435237;414.492665
2019-07-29;414.437143;414.461249;414.438670;414.484885
2019-08-05;414.415714;414.434479;414.408318;414.460197
2019-08-12;414.408571;414.413141;414.385413;414.445821
2019-08-19;414.408571;414.464406;414.445380;414.487930
2019-08-26;414.397143;414.462727;414.440887;414.487590
2019-09-02;414.374286;414.461089;414.445102;414.480486
2019-09-09;414.357143;414.440858;414.412619;414.467287
2019-09-16;414.361429;414.453819;414.439597;414.468332
2019-09-23;414.340000;414.436165;414.406403;414.472527
2019-09-30;414.340000;414.429684;414.408978;414.451930
2019-10-07;414.370000;414.487218;414.469356;414.506912
2019-10-14;414.417143;414.544379;414.530592;414.560713
2019-10-21;414.447143;414.571217;414.547922;414.590331
2019-10-28;414.464286;414.601517;414.583360;414.623265
2019-11-04;414.482857;414.612119;414.593884;414.629225
2019-11-11;414.518571;414.656461;414.641856;414.671590
2019-11-18;414.541429;414.669513;414.650308;414.689326
2019-11-25;414.548571;414.683455;414.654950;414.699181
2019-12-02;414.554286;414.693907;414.663684;414.723650
2019-12-09;414.565714;414.698804;414.678577;414.720432
2019-12-16;414.600000;414.702322;414.673540;414.739154
2019-12-23;414.651429;414.777019;414.755693;414.803101
2019-12-30;414.681429;414.836096;414.823747;414.858228
2020-01-06;414.688571;414.853038;414.836525;414.877423
2020-01-13;414.701429;414.842264;414.823149;414.863397
2020-01-20;414.710000;414.875175;414.850754;414.902548
2020-01-27;414.711429;414.893570;414.869260;414.928287
2020-02-03;414.754286;414.894754;414.868430;414.930505
2020-02-10;414.948571;414.969519;414.955884;414.988937
2020-02-17;415.078571;415.019603;415.003394;415.036571
2020-02-24;415.092857;415.058386;415.043410;415.073752
2020-03-02;415.120000;415.063292;415.045131;415.079982
2020-03-09;415.165714;415.069296;415.056413;415.080118
2020-03-16;415.171429;415.067813;415.057275;415.086368
2020-03-23;415.071429;415.083330;415.066653;415.106584
2020-03-30;415.007143;415.054189;415.031520;415.076532
2020-04-06;414.952857;414.989737;414.968925;415.011771
2020-04-13;414.905714;414.929088;414.909566;414.954161
2020-04-20;414.867143;414.893034;414.875081;414.922646
2020-04-27;414.835714;414.863998;414.846019;414.884427
2020-05-04;414.788571;414.807079;414.782277;414.833582
2020-05-11;414.744286;414.755835;414.733797;414.784041
2020-05-18;414.712857;414.742238;414.721635;414.759496
2020-05-25;414.670000;414.705331;414.678729;414.731212
2020-06-01;414.631429;414.666516;414.646240;414.698280
2020-06-08;414.598571;414.621457;414.598189;414.642413
2020-06-15;414.632857;414.629585;414.617064;414.644072
2020-06-22;414.870000;414.731140;414.717497;414.754022
2020-06-29;414.787143;414.738579;414.718044;414.751485
2020-07-06;414.702857;414.680531;414.663795;414.704056
2020-07-13;414.635714;414.615858;414.597816;414.633371
2020-07-20;414.585714;414.562976;414.545268;414.585793
2020-07-27;414.534286;414.519739;414.492958;414.547733
2020-08-03;414.495714;414.494812;414.478311;414.514919
2020-08-10;414.464286;414.472920;414.452243;414.497656
2020-08-17;414.434286;414.435611;414.408492;414.455351
2020-08-24;414.418571;414.424625;414.395656;414.452408
2020-08-31;414.412857;414.405229;414.389487;414.426863
2020-09-07;414.481429;414.493561;414.476221;414.514018
2020-09-14;414.484286;414.512148;414.495398;414.534407
2020-09-21;414.460000;414.487891;414.469249;414.505536
2020-09-28;414.450000;414.466237;414.440666;414.487935
2020-10-05;414.462857;414.516508;414.503218;414.534875
2020-10-12;414.472857;414.528828;414.501694;414.555009
2020-10-19;414.492857;414.550209;414.536049;414.570166
2020-10-26;414.508571;414.577370;414.552733;414.597249
2020-11-02;414.534286;414.618445;414.593942;414.640559
2020-11-09;414.555714;414.639157;414.618896;414.660670
2020-11-16;414.567143;414.626669;414.608463;414.642993
2020-11-23;414.572857;414.622548;414.588806;414.650714
2020-11-30;414.580000;414.637285;414.613120;414.669151
2020-12-07;414.592857;414.634056;414.606897;414.662744
2020-12-14;414.595714;414.636511;414.595157;414.668364
2020-12-21;414.598571;414.668942;414.634349;414.708946
2020-12-28;414.642857;414.697365;414.668192;414.724150
