Date;Obs;Sim;lb:0.05;ub:95
2017-01-02;30.350000;30.472462;30.400212;30.537414
2017-01-09;30.420000;30.538142;30.487822;30.568801
2017-01-16;30.490000;30.583412;30.542951;30.630998
2017-01-23;30.550000;30.643632;30.588338;30.673400
2017-01-30;30.560000;30.658143;30.618478;30.687410
2017-02-06;30.570000;30.696987;30.653531;30.724875
2017-02-13;30.580000;30.698094;30.647975;30.758061
2017-02-20;30.580000;30.719358;30.657035;30.788750
2017-02-27;30.650000;30.728133;30.686926;30.781730
2017-03-06;30.720000;30.774085;30.742791;30.819303
2017-03-13;30.790000;30.809851;30.785789;30.837365
2017-03-20;30.850000;30.825947;30.788418;30.870954
2017-03-27;30.840000;30.858196;30.821671;30.898962
2017-04-03;30.830000;30.861315;30.823015;30.909853
2017-04-10;30.800000;30.821196;30.763019;30.889546
2017-04-17;30.770000;30.768893;30.736700;30.805894
2017-04-24;30.750000;30.766705;30.723713;30.791421
2017-05-01;30.700000;30.756477;30.706965;30.810439
2017-05-08;30.640000;30.729290;30.702346;30.761489
2017-05-15;30.590000;30.689119;30.656601;30.731321
2017-05-22;30.540000;30.648063;30.616092;30.691133
2017-05-29;30.500000;30.558219;30.510160;30.606429
2017-06-05;30.460000;30.466986;30.426515;30.494481
2017-06-12;30.430000;30.453942;30.397734;30.497115
2017-06-19;30.350000;30.415331;30.375906;30.456292
2017-06-26;30.830000;30.364067;30.320845;30.410091
2017-07-03;31.310000;30.410509;30.358567;30.449968
2017-07-10;31.320000;30.720638;30.639172;30.819477
2017-07-17;31.320000;30.878005;30.805985;30.953975
2017-07-24;31.330000;30.867326;30.782655;30.962253
2017-07-31;31.290000;31.011869;30.912606;31.119389
2017-08-07;31.240000;31.074207;30.996806;31.150417
2017-08-14;31.190000;31.083835;30.967014;31.214969
2017-08-21;31.140000;31.100129;30.972936;31.191496
2017-08-28;31.110000;31.063765;30.907998;31.181481
2017-09-04;31.080000;31.028455;30.973353;31.094531
2017-09-11;31.010000;30.983322;30.879975;31.064900
2017-09-18;30.940000;30.950501;30.852810;31.041171
2017-09-25;30.880000;30.942018;30.860635;31.005303
2017-10-02;30.940000;30.906948;30.820605;30.988482
2017-10-09;30.990000;30.857174;30.758502;30.916989
2017-10-16;31.040000;30.898160;30.826478;30.976456
2017-10-23;31.090000;30.883919;30.751932;30.977168
2017-10-30;31.130000;30.864963;30.797171;30.933043
2017-11-06;31.180000;30.874771;30.792729;30.947670
2017-11-13;31.210000;30.930881;30.837288;31.024722
2017-11-20;31.240000;30.945282;30.848448;31.025800
2017-11-27;31.240000;30.961268;30.874182;31.033430
2017-12-04;31.240000;31.036708;30.953426;31.138886
2017-12-11;31.250000;31.065290;30.979651;31.144232
2017-12-18;31.250000;31.098998;31.037426;31.191892
2017-12-25;31.260000;31.154330;31.062368;31.233742
2018-01-01;31.240000;31.167660;31.085855;31.266891
2018-01-08;31.230000;31.165431;31.110953;31.240227
2018-01-15;31.220000;31.198744;31.129023;31.263636
2018-01-22;31.210000;31.225246;31.110284;31.350280
2018-01-29;31.180000;31.238264;31.149237;31.327895
2018-02-05;31.150000;31.263199;31.200900;31.327510
2018-02-12;31.120000;31.250433;31.146974;31.342932
2018-02-19;31.080000;31.229199;31.165446;31.291539
2018-02-26;31.130000;31.207381;31.126094;31.283503
2018-03-05;31.170000;31.179201;31.131440;31.243157
2018-03-12;31.210000;31.166072;31.086355;31.230898
2018-03-19;31.250000;31.175702;31.113327;31.245027
2018-03-26;31.245000;31.214851;31.158490;31.263667
2018-04-02;31.240000;31.215040;31.144713;31.281168
2018-04-09;31.220000;31.289361;31.213503;31.363832
2018-04-16;31.210000;31.243258;31.190532;31.326825
2018-04-23;31.190000;31.286278;31.181915;31.386798
2018-04-30;31.080000;31.222281;31.127020;31.287889
2018-05-07;30.970000;31.161120;31.064653;31.239182
2018-05-14;30.860000;31.098285;31.053396;31.159390
2018-05-21;30.860000;31.029988;30.942898;31.089607
2018-05-28;30.750000;30.931760;30.870665;31.006512
2018-06-04;30.700000;30.819466;30.749481;30.878116
2018-06-11;30.650000;30.767184;30.685665;30.837427
2018-06-18;30.600000;30.650377;30.604792;30.699408
2018-06-25;30.550000;30.531218;30.488169;30.615200
2018-07-02;30.510000;30.436487;30.350961;30.538479
2018-07-09;30.460000;30.334611;30.284708;30.383055
2018-07-16;30.410000;30.234376;30.185425;30.314742
2018-07-23;30.360000;30.228577;30.182373;30.311022
2018-07-30;30.335000;30.171324;30.120880;30.230435
2018-08-06;30.310000;30.117941;30.066353;30.181992
2018-08-13;30.260000;30.061629;30.013241;30.128806
2018-08-20;30.200000;30.008498;29.957852;30.061269
2018-08-27;30.150000;29.975991;29.928026;30.016827
2018-09-03;30.130000;29.929291;29.890780;29.966576
2018-09-10;30.100000;29.912565;29.842238;29.964847
2018-09-17;30.080000;29.870066;29.838870;29.917597
2018-09-24;30.050000;29.863983;29.823881;29.906106
2018-10-01;30.040000;29.884169;29.825572;29.928580
2018-10-08;30.030000;29.904851;29.869314;29.968519
2018-10-15;30.020000;29.892444;29.855430;29.936909
2018-10-22;30.010000;29.887108;29.817953;29.937948
2018-10-29;30.020000;29.899531;29.855910;29.942245
2018-11-05;30.030000;29.920796;29.877433;29.954813
2018-11-12;30.040000;29.927118;29.888359;29.975848
2018-11-19;30.060000;29.941006;29.895444;29.997566
2018-11-26;30.070000;29.979510;29.921037;30.061256
2018-12-03;30.090000;30.017916;29.976989;30.080277
2018-12-10;30.120000;30.062597;30.026768;30.101656
2018-12-17;30.140000;30.134483;30.086804;30.174166
2018-12-24;30.150000;30.180161;30.137976;30.220845
2018-12-31;30.170000;30.250061;30.201079;30.313666
2019-01-07;30.190000;30.301676;30.231604;30.356128
2019-01-14;30.220000;30.356217;30.293463;30.394391
2019-01-21;30.250000;30.437006;30.391075;30.492436
2019-01-28;30.280000;30.468711;30.418073;30.508671
2019-02-04;30.340000;30.526831;30.483193;30.572819
2019-02-11;30.390000;30.562229;30.505049;30.598083
2019-02-18;30.430000;30.609997;30.566894;30.646747
2019-02-25;30.490000;30.608078;30.565365;30.659991
2019-03-04;30.540000;30.610663;30.560657;30.653509
2019-03-11;30.610000;30.596203;30.539148;30.642610
2019-03-18;30.670000;30.661591;30.604694;30.719294
2019-03-25;30.720000;30.724268;30.681985;30.778860
2019-04-01;30.690000;30.725542;30.681185;30.763546
2019-04-08;30.660000;30.685876;30.652310;30.719775
2019-04-15;30.620000;30.630207;30.583366;30.686542
2019-04-22;30.590000;30.599369;30.560018;30.653503
2019-04-29;30.570000;30.556797;30.501118;30.618539
2019-05-06;30.550000;30.520782;30.449949;30.561951
2019-05-13;30.500000;30.484669;30.428382;30.533865
2019-05-20;30.460000;30.427854;30.378181;30.467208
2019-05-27;30.410000;30.411213;30.356882;30.466018
2019-06-03;30.370000;30.385897;30.337317;30.459467
2019-06-10;30.330000;30.327427;30.282697;30.387879
2019-06-17;30.280000;30.276964;30.222013;30.325351
2019-06-24;30.250000;30.344651;30.284919;30.382862
2019-07-01;30.220000;30.333171;30.278773;30.390798
2019-07-08;30.190000;30.261819;30.213821;30.320476
2019-07-15;30.150000;30.204586;30.129459;30.265160
2019-07-22;30.120000;30.173633;30.122046;30.231188
2019-07-29;30.105000;30.180919;30.128476;30.219140
2019-08-05;30.090000;30.145158;30.075599;30.193905
2019-08-12;30.060000;30.139090;30.078490;30.193290
2019-08-19;30.020000;30.115442;30.042362;30.181004
2019-08-26;29.990000;30.087061;30.021983;30.153489
2019-09-02;29.990000;30.036468;29.993274;30.072052
2019-09-09;29.960000;29.987644;29.944704;30.033523
2019-09-16;29.950000;30.038135;29.996058;30.070531
2019-09-23;29.940000;30.027146;29.956830;30.089075
2019-09-30;29.965000;30.035215;29.995633;30.072199
2019-10-07;29.990000;30.105741;30.061662;30.156469
2019-10-14;30.030000;30.237345;30.176733;30.286474
2019-10-21;30.070000;30.276057;30.218710;30.348582
2019-10-28;30.120000;30.305143;30.258184;30.343879
2019-11-04;30.150000;30.270922;30.213094;30.320249
2019-11-11;30.180000;30.334134;30.274993;30.378699
2019-11-18;30.210000;30.376837;30.323455;30.433127
2019-11-25;30.230000;30.423291;30.377401;30.467213
2019-12-02;30.280000;30.444825;30.406028;30.487881
2019-12-09;30.310000;30.485078;30.453235;30.510951
2019-12-16;30.360000;30.523376;30.458852;30.577449
2019-12-23;30.400000;30.574982;30.539206;30.605415
2019-12-30;30.420000;30.574730;30.527140;30.624873
2020-01-06;30.440000;30.601315;30.544529;30.654202
2020-01-13;30.490000;30.599887;30.567568;30.656567
2020-01-20;30.530000;30.648214;30.607617;30.683559
2020-01-27;30.570000;30.639061;30.581835;30.713328
2020-02-03;30.650000;30.643879;30.585079;30.729162
2020-02-10;30.720000;30.699657;30.643874;30.760594
2020-02-17;30.770000;30.765321;30.717539;30.809389
2020-02-24;30.860000;30.760473;30.708329;30.825892
2020-03-02;30.900000;30.831426;30.779785;30.879500
2020-03-09;30.940000;30.869781;30.819658;30.911755
2020-03-16;30.980000;30.895359;30.849876;30.942475
2020-03-23;31.020000;30.906721;30.865659;30.939301
2020-03-30;30.995000;30.894434;30.848855;30.961926
2020-04-06;30.970000;30.875080;30.822715;30.967552
2020-04-13;30.920000;30.856419;30.803133;30.910404
2020-04-20;30.870000;30.784371;30.751017;30.831227
2020-04-27;30.820000;30.751499;30.710273;30.795615
2020-05-04;30.760000;30.682679;30.636690;30.732742
2020-05-11;30.570000;30.646939;30.572007;30.700213
2020-05-18;30.480000;30.618621;30.561481;30.671269
2020-05-25;30.440000;30.553610;30.525547;30.591439
2020-06-01;30.420000;30.509922;30.472768;30.567872
2020-06-08;30.400000;30.445726;30.394003;30.499419
2020-06-15;30.380000;30.398744;30.329301;30.456986
2020-06-22;30.350000;30.410185;30.366413;30.447313
2020-06-29;30.330000;30.404761;30.364487;30.441224
2020-07-06;30.310000;30.388750;30.340481;30.430452
2020-07-13;30.270000;30.333346;30.275863;30.384717
2020-07-20;30.230000;30.312298;30.263968;30.382104
2020-07-27;30.190000;30.287312;30.231009;30.353724
2020-08-03;30.160000;30.271783;30.236030;30.318633
2020-08-10;30.120000;30.214531;30.156545;30.286487
2020-08-17;30.080000;30.162953;30.122298;30.201074
2020-08-24;30.040000;30.098125;30.058883;30.140145
2020-08-31;30.040000;30.079531;30.024133;30.137129
2020-09-07;30.040000;30.083315;30.023189;30.128164
2020-09-14;30.020000;30.098293;30.065830;30.132129
2020-09-21;30.000000;30.069963;30.025836;30.099482
2020-09-28;29.980000;30.030523;29.982407;30.079948
2020-10-05;30.010000;30.091746;30.052368;30.142127
2020-10-12;30.030000;30.106893;30.053162;30.154859
2020-10-19;30.060000;30.133866;30.104035;30.176241
2020-10-26;30.080000;30.161759;30.119193;30.225311
2020-11-02;30.130000;30.224008;30.176168;30.263819
2020-11-09;30.190000;30.307802;30.262464;30.354105
2020-11-16;30.250000;30.331858;30.306741;30.364912
2020-11-23;30.300000;30.355876;30.318782;30.390846
2020-11-30;30.300000;30.347096;30.309502;30.404570
2020-12-07;30.300000;30.372412;30.334258;30.408318
2020-12-14;30.310000;30.380110;30.340366;30.423478
2020-12-21;30.310000;30.416043;30.379222;30.459078
2020-12-28;30.320000;30.418317;30.378779;30.459312
