loss
[[0.04959137365221977, 0.03278566524386406, 0.029370976611971855]]
val_loss
[[0.023051276803016663, 0.01772099919617176, 0.015237604267895222]]
loss
[[0.16591539978981018, 0.04329083114862442, 0.031893182545900345]]
val_loss
[[0.04047523811459541, 0.019620994105935097, 0.019388342276215553]]
loss
[[0.0623745433986187, 0.03842011094093323, 0.035699523985385895]]
val_loss
[[0.03464474529027939, 0.021703021600842476, 0.01984533667564392]]
loss
[[0.10780641436576843, 0.03916805982589722, 0.03179408982396126]]
val_loss
[[0.04668089374899864, 0.01937362365424633, 0.021739033982157707]]
loss
[[0.13531151413917542, 0.04690539091825485, 0.03286602720618248]]
val_loss
[[0.0727524533867836, 0.023982331156730652, 0.016765139997005463]]
loss
[[0.03979126363992691, 0.03379413112998009, 0.029371416196227074]]
val_loss
[[0.02236984111368656, 0.016395462676882744, 0.014261648058891296]]
loss
[[0.08798109740018845, 0.04022936895489693, 0.034238748252391815]]
val_loss
[[0.053126294165849686, 0.02237536385655403, 0.023415718227624893]]
loss
[[0.06278273463249207, 0.0325525663793087, 0.029278039932250977]]
val_loss
[[0.02400926873087883, 0.017517581582069397, 0.016147933900356293]]
loss
[[0.042107146233320236, 0.034488528966903687, 0.030450543388724327]]
val_loss
[[0.023369284346699715, 0.01750296726822853, 0.016297118738293648]]
loss
[[0.042219873517751694, 0.03545694425702095, 0.03300701826810837]]
val_loss
[[0.02505582943558693, 0.018926585093140602, 0.021214887499809265]]
loss
[[0.045041315257549286, 0.03477013111114502, 0.029945921152830124]]
val_loss
[[0.021532157436013222, 0.018139993771910667, 0.018911588937044144]]
loss
[[0.07744920998811722, 0.03863297402858734, 0.0331200510263443]]
val_loss
[[0.046497076749801636, 0.023453013971447945, 0.01989288255572319]]
loss
[[0.08776623010635376, 0.03388402238488197, 0.02955273538827896]]
val_loss
[[0.034497976303100586, 0.016850348562002182, 0.01564628817141056]]
loss
[[0.12491938471794128, 0.04007158428430557, 0.032735541462898254]]
val_loss
[[0.036045461893081665, 0.022896217182278633, 0.0189116969704628]]
loss
[[0.09240374714136124, 0.039735548198223114, 0.031874578446149826]]
val_loss
[[0.044231854379177094, 0.020441284403204918, 0.01602109707891941]]
loss
[[0.05892956629395485, 0.04122079536318779, 0.0347089059650898]]
val_loss
[[0.033184196799993515, 0.020638540387153625, 0.017587943002581596]]
loss
[[0.2968204617500305, 0.04264385625720024, 0.03544953092932701]]
val_loss
[[0.027170835062861443, 0.030435040593147278, 0.02500971220433712]]
loss
[[0.1153821051120758, 0.044002749025821686, 0.03628215566277504]]
val_loss
[[0.0490758903324604, 0.023837579414248466, 0.024553008377552032]]
loss
[[0.09337820112705231, 0.03684661164879799, 0.030780119821429253]]
val_loss
[[0.039420947432518005, 0.018276333808898926, 0.016525516286492348]]
loss
[[0.04774706810712814, 0.03595289960503578, 0.03361988440155983]]
val_loss
[[0.032177139073610306, 0.023501791059970856, 0.023740196600556374]]
